time
0.12999987602233887
0.1099998950958252
0.11100006103515625
0.1099998950958252
0.11999988555908203
0.1099998950958252
0.10900020599365234
0.15999984741210938
0.11999988555908203
0.1100001335144043
0.12000012397766113
0.1099998950958252
0.1099998950958252
0.11500000953674316
0.1099998950958252
0.1099998950958252
0.11999988555908203
0.1099998950958252
0.12000012397766113
0.12000012397766113
0.11599993705749512
0.1100001335144043
0.14500021934509277
0.12299990653991699
0.11300015449523926
0.12000012397766113
0.1099998950958252
0.11900019645690918
0.1230001449584961
0.11999988555908203
0.1119999885559082
0.12000012397766113
0.11999988555908203
0.11999988555908203
0.1100001335144043
0.1100001335144043
0.1100001335144043
0.12000012397766113
0.11999988555908203
0.1100001335144043
0.12000012397766113
0.12000012397766113
0.11100006103515625
0.1100001335144043
0.12000012397766113
0.1099998950958252
0.1100001335144043
0.13499999046325684
0.12000012397766113
0.1099998950958252
0.11999988555908203
0.11600017547607422
0.11999988555908203
0.10699987411499023
0.1099998950958252
0.11700010299682617
0.11999988555908203
0.11999988555908203
0.12000012397766113
0.12000012397766113
0.1100001335144043
0.11999988555908203
0.1100001335144043
0.11999988555908203
0.12000012397766113
0.12000012397766113
0.1100001335144043
0.1099998950958252
0.1100001335144043
0.11899995803833008
0.1099998950958252
0.1100001335144043
0.1099998950958252
0.12000012397766113
0.1100001335144043
0.1099998950958252
0.1099998950958252
0.1099998950958252
0.1099998950958252
0.1099998950958252
0.1099998950958252
0.15999984741210938
0.1099998950958252
0.1100001335144043
0.1100001335144043
0.1100001335144043
0.11999988555908203
0.12000012397766113
0.1100001335144043
0.1100001335144043
0.1099998950958252
0.11999988555908203
0.12000012397766113
0.1100001335144043
0.11999988555908203
0.1099998950958252
0.11500000953674316
0.11999988555908203
0.12399983406066895
0.1230001449584961
0.16000008583068848
0.11699986457824707
0.1100001335144043
0.1100001335144043
0.11500000953674316
0.12000012397766113
0.1099998950958252
0.12000012397766113
0.12000012397766113
0.1099998950958252
0.12000012397766113
0.1100001335144043
0.1099998950958252
0.12000012397766113
0.11999988555908203
0.1100001335144043
0.1100001335144043
0.1100001335144043
0.1099998950958252
0.12000012397766113
0.1099998950958252
0.12100005149841309
0.1099998950958252
0.1100001335144043
0.14999985694885254
0.1099998950958252
0.1100001335144043
0.1099998950958252
0.1099998950958252
0.1099998950958252
0.12000012397766113
0.1100001335144043
0.1099998950958252
0.1100001335144043
0.1100001335144043
0.1099998950958252
0.12000012397766113
0.1100001335144043
0.1100001335144043
0.1099998950958252
0.12000012397766113
0.12000012397766113
0.11500000953674316
0.12400007247924805
0.11999988555908203
0.11500000953674316
0.1230001449584961
0.11999988555908203
0.11100006103515625
0.16000008583068848
0.1099998950958252
0.11999988555908203
0.11999988555908203
0.1100001335144043
0.1099998950958252
0.12000012397766113
0.1099998950958252
0.10900020599365234
0.1099998950958252
0.1100001335144043
0.1100001335144043
0.11500000953674316
0.12000012397766113
0.11500000953674316
0.1099998950958252
0.1099998950958252
0.11699986457824707
0.11100006103515625
0.11299991607666016
0.11999988555908203
0.1099998950958252
0.11500000953674316
0.12100005149841309
0.1099998950958252
0.11299991607666016
0.1099998950958252
0.11900019645690918
0.11999988555908203
0.11999988555908203
0.1100001335144043
0.12000012397766113
0.1099998950958252
0.1100001335144043
0.11999988555908203
0.11999988555908203
0.11899995803833008
0.1099998950958252
0.1100001335144043
0.12299990653991699
0.1099998950958252
0.1099998950958252
0.1099998950958252
0.09000015258789062
0.11999988555908203
0.1099998950958252
0.1099998950958252
0.12000012397766113
0.11999988555908203
0.1099998950958252
0.1100001335144043
0.12100005149841309
0.1100001335144043
0.1099998950958252
0.11500000953674316
0.11999988555908203
0.1100001335144043
0.11900019645690918
0.12000012397766113
0.09999990463256836
0.11999988555908203
0.1099998950958252
0.12099981307983398
0.1099998950958252
0.1099998950958252
0.12000012397766113
0.12000012397766113
0.11500000953674316
0.1099998950958252
0.1100001335144043
0.11999988555908203
0.1100001335144043
0.11599993705749512
0.1099998950958252
0.11999988555908203
0.1099998950958252
0.1549999713897705
0.11500000953674316
0.11400008201599121
0.11500000953674316
0.12000012397766113
0.1100001335144043
0.11600017547607422
0.1100001335144043
0.11999988555908203
0.12100005149841309
0.1100001335144043
0.11500000953674316
0.1100001335144043
0.11800003051757812
0.1100001335144043
0.1119999885559082
0.10899996757507324
0.11400008201599121
0.10899996757507324
0.12000012397766113
0.12299990653991699
0.1099998950958252
0.11800003051757812
0.1100001335144043
0.10899996757507324
0.11999988555908203
0.1100001335144043
0.1099998950958252
0.11999988555908203
0.1099998950958252
0.11499977111816406
0.1100001335144043
0.12000012397766113
0.11999988555908203
0.11999988555908203
0.1099998950958252
0.12000012397766113
0.11999988555908203
0.1099998950958252
0.1100001335144043
0.10899996757507324
0.12100005149841309
0.1100001335144043
0.1100001335144043
0.1099998950958252
0.1099998950958252
0.12000012397766113
0.1100001335144043
0.11500000953674316
0.12299990653991699
0.11900019645690918
0.1100001335144043
0.11299991607666016
0.11999988555908203
0.1099998950958252
0.11800003051757812
0.12000012397766113
0.11700010299682617
0.1100001335144043
0.16000008583068848
0.11800003051757812
0.1099998950958252
0.11399984359741211
0.1099998950958252
0.1099998950958252
0.11799979209899902
0.11999988555908203
0.11899995803833008
0.1100001335144043
0.11400008201599121
0.1100001335144043
0.10000014305114746
0.1099998950958252
0.11699986457824707
0.11700010299682617
0.12000012397766113
0.1100001335144043
0.11799979209899902
0.16100001335144043
0.12100005149841309
0.11999988555908203
0.12000012397766113
0.1100001335144043
0.1100001335144043
0.12000012397766113
0.16300010681152344
0.11800003051757812
0.1100001335144043
0.12100005149841309
0.12000012397766113
0.11700010299682617
0.12000012397766113
0.1099998950958252
0.10599994659423828
0.11899995803833008
0.11500000953674316
0.11999988555908203
0.11800003051757812
0.11599993705749512
0.1099998950958252
0.11999988555908203
0.1099998950958252
0.1100001335144043
0.11999988555908203
0.11700010299682617
0.12000012397766113
0.1099998950958252
0.11400008201599121
0.1099998950958252
0.1100001335144043
0.12000012397766113
0.11899995803833008
0.11500000953674316
0.1099998950958252
0.1100001335144043
0.1100001335144043
0.1099998950958252
0.1100001335144043
0.1100001335144043
0.11800003051757812
0.11899995803833008
0.16000008583068848
0.10800004005432129
0.11500000953674316
0.12100005149841309
0.1100001335144043
0.11699986457824707
0.11399984359741211
0.11599993705749512
0.11500000953674316
0.11599993705749512
0.1099998950958252
0.1099998950958252
0.11999988555908203
0.11899995803833008
0.1100001335144043
0.1100001335144043
0.1099998950958252
0.12000012397766113
0.1099998950958252
0.09500002861022949
0.1100001335144043
0.1100001335144043
0.11999988555908203
0.11599993705749512
0.12199997901916504
0.1100001335144043
0.12100005149841309
0.12000012397766113
0.12099981307983398
0.1099998950958252
0.11600017547607422
0.1100001335144043
0.1100001335144043
0.1100001335144043
0.1100001335144043
0.1099998950958252
0.11999988555908203
0.1100001335144043
0.11400008201599121
0.12000012397766113
0.11800003051757812
0.1100001335144043
0.11999988555908203
0.1100001335144043
0.11400008201599121
0.10000014305114746
0.11599993705749512
0.11700010299682617
0.11799979209899902
0.10000014305114746
0.1119999885559082
0.12099981307983398
0.1099998950958252
0.1100001335144043
0.1230001449584961
0.12099981307983398
0.11500000953674316
0.11699986457824707
0.11800003051757812
0.11800003051757812
0.1230001449584961
0.1099998950958252
0.1099998950958252
0.11899995803833008
0.1099998950958252
0.11700010299682617
0.11899995803833008
0.12199997901916504
0.1099998950958252
0.11800003051757812
0.11999988555908203
0.11500000953674316
0.12199997901916504
0.11100006103515625
0.12199997901916504
0.1100001335144043
0.12299990653991699
0.11999988555908203
0.1100001335144043
0.1099998950958252
0.1119999885559082
0.11599993705749512
0.11999988555908203
0.11700010299682617
0.09000015258789062
0.10000014305114746
0.09100008010864258
0.11800003051757812
0.11999988555908203
0.11800003051757812
0.1230001449584961
0.11800003051757812
0.11899995803833008
0.1100001335144043
0.125
0.11700010299682617
0.1099998950958252
0.12000012397766113
0.12000012397766113
0.12099981307983398
0.11500000953674316
0.1099998950958252
0.11899995803833008
0.11699986457824707
0.1099998950958252
0.09999990463256836
0.1099998950958252
0.11500000953674316
0.11999988555908203
0.11400008201599121
0.1230001449584961
0.11699986457824707
0.1099998950958252
0.11800003051757812
0.12000012397766113
0.11500000953674316
0.11999988555908203
0.11999988555908203
0.1119999885559082
0.11500000953674316
0.1099998950958252
0.1100001335144043
0.1100001335144043
0.1100001335144043
0.11999988555908203
0.1100001335144043
0.1099998950958252
0.11500000953674316
0.11700010299682617
0.14999985694885254
0.11399984359741211
0.16000008583068848
0.1100001335144043
0.1100001335144043
0.11500000953674316
0.1099998950958252
0.15000009536743164
0.11799979209899902
0.11899995803833008
0.11399984359741211
0.1099998950958252
0.11999988555908203
0.1100001335144043
0.12000012397766113
0.11599993705749512
0.1099998950958252
0.1099998950958252
0.11299991607666016
0.1099998950958252
0.12100005149841309
0.11799979209899902
0.11899995803833008
0.11300015449523926
0.11899995803833008
0.12299990653991699
0.11799979209899902
0.1100001335144043
0.11699986457824707
0.12299990653991699
0.12200021743774414
0.11999988555908203
0.11299991607666016
0.11599993705749512
0.1100001335144043
0.11600017547607422
0.11699986457824707
0.11400008201599121
0.12400007247924805
0.11699986457824707
0.1099998950958252
0.1099998950958252
0.11500000953674316
0.1099998950958252
0.11799979209899902
0.1099998950958252
0.11800003051757812
0.11299991607666016
0.11999988555908203
0.1119999885559082
0.12199997901916504
0.10599994659423828
0.1099998950958252
0.1100001335144043
0.11800003051757812
0.11900019645690918
0.1100001335144043
0.11899995803833008
0.1100001335144043
0.11500000953674316
0.12000012397766113
0.1099998950958252
0.1100001335144043
0.11300015449523926
0.12100005149841309
0.11999988555908203
0.11399984359741211
0.11500000953674316
0.11299991607666016
0.12000012397766113
0.11999988555908203
0.12000012397766113
0.1099998950958252
0.1099998950958252
0.1119999885559082
0.1100001335144043
0.1100001335144043
0.1099998950958252
0.1099998950958252
0.16000008583068848
0.15599989891052246
0.11700010299682617
0.11799979209899902
0.11900019645690918
0.12400007247924805
0.11700010299682617
0.12000012397766113
0.11600017547607422
0.1100001335144043
0.12199997901916504
0.10500001907348633
0.11899995803833008
0.11299991607666016
0.1100001335144043
0.11899995803833008
0.11699986457824707
0.11999988555908203
0.10299992561340332
0.12000012397766113
0.11600017547607422
0.1100001335144043
0.11999988555908203
0.11999988555908203
0.11500000953674316
0.1099998950958252
0.12100005149841309
0.09999990463256836
0.1100001335144043
0.1100001335144043
0.1099998950958252
0.11999988555908203
0.1100001335144043
0.11100006103515625
0.11699986457824707
0.11099982261657715
0.12299990653991699
0.1230001449584961
0.11800003051757812
0.1100001335144043
0.11600017547607422
0.1099998950958252
0.1100001335144043
0.1099998950958252
0.11700010299682617
0.1099998950958252
0.12000012397766113
0.11999988555908203
0.11800003051757812
0.1099998950958252
0.11800003051757812
0.12000012397766113
0.11800003051757812
0.12100005149841309
0.11900019645690918
0.1100001335144043
0.1099998950958252
0.11699986457824707
0.1099998950958252
0.11500000953674316
0.11300015449523926
0.11999988555908203
0.1099998950958252
0.12199997901916504
0.1099998950958252
0.11399984359741211
0.11100006103515625
0.1099998950958252
0.09999990463256836
0.1119999885559082
0.11699986457824707
0.1100001335144043
0.1100001335144043
0.11599993705749512
0.1099998950958252
0.11999988555908203
0.11999988555908203
0.1100001335144043
0.12000012397766113
0.12000012397766113
0.1100001335144043
0.15899991989135742
0.11699986457824707
0.1100001335144043
0.11599993705749512
0.11300015449523926
0.12000012397766113
0.1099998950958252
0.11500000953674316
0.12000012397766113
0.1099998950958252
0.12000012397766113
0.11399984359741211
0.12199997901916504
0.12000012397766113
0.11700010299682617
0.11700010299682617
0.1099998950958252
0.11900019645690918
0.11399984359741211
0.1100001335144043
0.16899991035461426
0.11699986457824707
0.1099998950958252
0.11899995803833008
0.11700010299682617
0.10899996757507324
0.09999990463256836
0.11400008201599121
0.1100001335144043
0.1099998950958252
0.12000012397766113
0.12000012397766113
0.1099998950958252
0.1099998950958252
0.1099998950958252
0.11100006103515625
0.11999988555908203
0.15000009536743164
0.11999988555908203
0.1100001335144043
0.1380000114440918
0.09000015258789062
0.11500000953674316
0.1119999885559082
0.11899995803833008
0.12400007247924805
0.10000014305114746
0.11999988555908203
0.11500000953674316
0.12000012397766113
0.1100001335144043
0.12000012397766113
0.12000012397766113
0.1100001335144043
0.1099998950958252
0.1099998950958252
0.1099998950958252
0.11999988555908203
0.11999988555908203
0.11100006103515625
0.11400008201599121
0.11999988555908203
0.1100001335144043
0.14999985694885254
0.09999990463256836
0.1099998950958252
0.1099998950958252
0.1099998950958252
0.13499999046325684
0.2539999485015869
0.21599984169006348
0.06800007820129395
0.1660001277923584
0.07299995422363281
0.0710000991821289
0.06299996376037598
0.07499980926513672
0.05799984931945801
0.05200004577636719
0.05499982833862305
0.08599996566772461
0.12000012397766113
0.13300013542175293
0.14600014686584473
0.11700010299682617
0.1100001335144043
0.10599994659423828
0.1119999885559082
0.1119999885559082
0.1099998950958252
0.1530001163482666
0.11099982261657715
0.1119999885559082
0.11299991607666016
0.11299991607666016
0.11100006103515625
0.11500000953674316
0.1119999885559082
0.11999988555908203
0.11800003051757812
0.1119999885559082
0.12000012397766113
0.13400006294250488
0.1100001335144043
0.12000012397766113
0.11799979209899902
0.11099982261657715
0.11399984359741211
0.11400008201599121
0.15700006484985352
0.11400008201599121
0.11500000953674316
0.1099998950958252
0.11599993705749512
0.12299990653991699
0.11700010299682617
0.11599993705749512
0.12199997901916504
0.1119999885559082
0.11599993705749512
0.125
0.11999988555908203
0.11999988555908203
0.12100005149841309
0.12400007247924805
0.1100001335144043
0.1100001335144043
0.1099998950958252
0.11099982261657715
0.12299990653991699
0.12000012397766113
0.1100001335144043
0.1099998950958252
0.1100001335144043
0.1100001335144043
0.1100001335144043
0.11599993705749512
0.1099998950958252
0.12100005149841309
0.12199997901916504
0.11999988555908203
0.1099998950958252
0.11999988555908203
0.12000012397766113
0.11899995803833008
0.11699986457824707
0.11800003051757812
0.12000012397766113
0.15999984741210938
0.11999988555908203
0.1099998950958252
0.11999988555908203
0.12000012397766113
0.12000012397766113
0.11500000953674316
0.12100005149841309
0.11999988555908203
0.11700010299682617
0.11999988555908203
0.11400008201599121
0.11700010299682617
0.12299990653991699
0.11999988555908203
0.12000012397766113
0.11999988555908203
0.1100001335144043
0.11899995803833008
0.11599993705749512
0.1269998550415039
0.11999988555908203
0.11899995803833008
0.12000012397766113
0.11699986457824707
0.12100005149841309
0.13100004196166992
0.1100001335144043
0.11999988555908203
0.11400008201599121
0.1099998950958252
0.11599993705749512
0.1120002269744873
0.1099998950958252
0.11500000953674316
0.1100001335144043
0.12100005149841309
0.11999988555908203
0.16199994087219238
0.1099998950958252
0.12199997901916504
0.15799999237060547
0.15700006484985352
0.11400008201599121
0.11500000953674316
0.11999988555908203
0.11899995803833008
0.1099998950958252
0.11999988555908203
0.11999988555908203
0.16000008583068848
0.11999988555908203
0.11299991607666016
0.1100001335144043
0.1099998950958252
0.1099998950958252
0.11899995803833008
0.11999988555908203
0.11800003051757812
0.12000012397766113
0.11500000953674316
0.12000012397766113
0.11700010299682617
0.11600017547607422
0.11800003051757812
0.1099998950958252
0.1100001335144043
0.11999988555908203
0.12000012397766113
0.11999988555908203
0.1099998950958252
0.11999988555908203
0.1100001335144043
0.11300015449523926
0.12000012397766113
0.1099998950958252
0.1099998950958252
0.1100001335144043
0.1100001335144043
0.1099998950958252
0.1100001335144043
0.1099998950958252
0.11999988555908203
0.11999988555908203
0.1099998950958252
0.1100001335144043
0.10899996757507324
0.12000012397766113
0.1099998950958252
0.12000012397766113
0.1100001335144043
0.11999988555908203
0.11500000953674316
0.11599993705749512
0.12000012397766113
0.11999988555908203
0.1100001335144043
0.125
0.12099981307983398
0.1100001335144043
0.11700010299682617
0.1099998950958252
0.1099998950958252
0.11999988555908203
0.1100001335144043
0.1100001335144043
0.1100001335144043
0.1100001335144043
0.1100001335144043
0.1099998950958252
0.1100001335144043
0.1100001335144043
0.11700010299682617
0.12000012397766113
0.1099998950958252
0.11999988555908203
0.11999988555908203
0.11999988555908203
0.11999988555908203
0.1099998950958252
0.12000012397766113
0.16000008583068848
0.1099998950958252
0.1099998950958252
0.1099998950958252
0.11999988555908203
0.12000012397766113
0.11999988555908203
0.1099998950958252
0.1099998950958252
0.1099998950958252
0.1099998950958252
0.12399983406066895
0.11599993705749512
0.1099998950958252
0.1099998950958252
0.12000012397766113
0.14999985694885254
0.11999988555908203
0.11999988555908203
0.1099998950958252
0.1100001335144043
0.11999988555908203
0.1099998950958252
0.11500000953674316
0.1100001335144043
0.1100001335144043
0.1100001335144043
0.1100001335144043
0.11999988555908203
0.11999988555908203
0.11999988555908203
0.11999988555908203
0.16000008583068848
0.11999988555908203
0.12000012397766113
0.11500000953674316
0.11999988555908203
0.1100001335144043
0.1100001335144043
0.1100001335144043
0.1099998950958252
0.12000012397766113
0.1099998950958252
0.15999984741210938
0.12000012397766113
0.1100001335144043
0.11999988555908203
0.11599993705749512
0.12299990653991699
0.12400007247924805
0.11999988555908203
0.12000012397766113
0.1100001335144043
0.11999988555908203
0.125
0.11699986457824707
0.1100001335144043
0.12000012397766113
0.1230001449584961
0.11999988555908203
0.11999988555908203
0.1100001335144043
0.12100005149841309
0.11599993705749512
0.11399984359741211
0.11099982261657715
0.1100001335144043
0.11999988555908203
0.16000008583068848
0.12000012397766113
0.11999988555908203
0.14999985694885254
0.1099998950958252
0.12000012397766113
0.11999988555908203
0.11999988555908203
0.11999988555908203
0.11400008201599121
0.12000012397766113
0.1099998950958252
0.1100001335144043
0.12000012397766113
0.11600017547607422
0.11599993705749512
0.11999988555908203
0.1099998950958252
0.11999988555908203
0.1100001335144043
0.11500000953674316
0.1100001335144043
0.12000012397766113
0.1100001335144043
0.1099998950958252
0.11999988555908203
0.4700000286102295
0.4700000286102295
