time
0.12999987602233887
0.1099998950958252
0.10000014305114746
0.10400009155273438
0.1099998950958252
0.10000014305114746
0.1099998950958252
0.14999985694885254
0.10000014305114746
0.09999990463256836
0.09999990463256836
0.10000014305114746
0.10699987411499023
0.09999990463256836
0.10800004005432129
0.09999990463256836
0.1099998950958252
0.09999990463256836
0.10700011253356934
0.10800004005432129
0.09500002861022949
0.11500000953674316
0.10000014305114746
0.10000014305114746
0.1100001335144043
0.1100001335144043
0.09999990463256836
0.1119999885559082
0.10000014305114746
0.1099998950958252
0.09999990463256836
0.10000014305114746
0.1100001335144043
0.10000014305114746
0.1099998950958252
0.09999990463256836
0.09999990463256836
0.1100001335144043
0.09999990463256836
0.10000014305114746
0.10000014305114746
0.10000014305114746
0.10000014305114746
0.1100001335144043
0.1100001335144043
0.11100006103515625
0.09999990463256836
0.1099998950958252
0.1099998950958252
0.10000014305114746
0.10000014305114746
0.1100001335144043
0.09999990463256836
0.09999990463256836
0.1099998950958252
0.09000015258789062
0.10000014305114746
0.10000014305114746
0.10000014305114746
0.10000014305114746
0.10000014305114746
0.09999990463256836
0.09999990463256836
0.09999990463256836
0.09999990463256836
0.1099998950958252
0.09999990463256836
0.1119999885559082
0.1100001335144043
0.10000014305114746
0.10500001907348633
0.09999990463256836
0.09999990463256836
0.09999990463256836
0.10599994659423828
0.09999990463256836
0.1099998950958252
0.1099998950958252
0.10000014305114746
0.1100001335144043
0.10000014305114746
0.1399998664855957
0.09999990463256836
0.10100007057189941
0.10500001907348633
0.10000014305114746
0.10000014305114746
0.1100001335144043
0.10000014305114746
0.10000014305114746
0.09999990463256836
0.09999990463256836
0.09999990463256836
0.09999990463256836
0.09999990463256836
0.09999990463256836
0.09999990463256836
0.1099998950958252
0.10199999809265137
0.10000014305114746
0.15000009536743164
0.09999990463256836
0.09999990463256836
0.08999991416931152
0.1099998950958252
0.10000014305114746
0.10000014305114746
0.10000014305114746
0.10000014305114746
0.10000014305114746
0.09999990463256836
0.09999990463256836
0.10299992561340332
0.09999990463256836
0.1099998950958252
0.09999990463256836
0.1099998950958252
0.09999990463256836
0.09999990463256836
0.10000014305114746
0.1099998950958252
0.1119999885559082
0.09999990463256836
0.1099998950958252
0.14599990844726562
0.1100001335144043
0.09999990463256836
0.09999990463256836
0.09999990463256836
0.10000014305114746
0.10000014305114746
0.1099998950958252
0.09999990463256836
0.0989999771118164
0.10700011253356934
0.11700010299682617
0.1099998950958252
0.13100004196166992
0.10700011253356934
0.0970001220703125
0.10599994659423828
0.1100001335144043
0.08999991416931152
0.10000014305114746
0.1120002269744873
0.09999990463256836
0.09999990463256836
0.09999990463256836
0.10000014305114746
0.12999987602233887
0.10700011253356934
0.09999990463256836
0.10000014305114746
0.09999990463256836
0.09999990463256836
0.1100001335144043
0.09999990463256836
0.09999990463256836
0.09999990463256836
0.10599994659423828
0.09999990463256836
0.10700011253356934
0.1100001335144043
0.10000014305114746
0.10300016403198242
0.10199999809265137
0.09999990463256836
0.09999990463256836
0.1099998950958252
0.09999990463256836
0.10000014305114746
0.1119999885559082
0.10299992561340332
0.11099982261657715
0.07999992370605469
0.1100001335144043
0.10000014305114746
0.1100001335144043
0.09999990463256836
0.09999990463256836
0.1100001335144043
0.10000014305114746
0.10000014305114746
0.09999990463256836
0.09999990463256836
0.09999990463256836
0.09999990463256836
0.09999990463256836
0.10099983215332031
0.09999990463256836
0.09999990463256836
0.10000014305114746
0.1099998950958252
0.1099998950958252
0.09999990463256836
0.09999990463256836
0.10700011253356934
0.10000014305114746
0.11100006103515625
0.09999990463256836
0.10899996757507324
0.10000014305114746
0.1100001335144043
0.1099998950958252
0.09999990463256836
0.09999990463256836
0.10000014305114746
0.09999990463256836
0.11400008201599121
0.10000014305114746
0.1100001335144043
0.10000014305114746
0.09999990463256836
0.1099998950958252
0.10800004005432129
0.09999990463256836
0.10000014305114746
0.09999990463256836
0.09999990463256836
0.09999990463256836
0.1099998950958252
0.1099998950958252
0.1099998950958252
0.1099998950958252
0.10000014305114746
0.1400001049041748
0.09999990463256836
0.11099982261657715
0.09999990463256836
0.09999990463256836
0.09999990463256836
0.09999990463256836
0.10900020599365234
0.10000014305114746
0.09000015258789062
0.09999990463256836
0.1100001335144043
0.1099998950958252
0.08999991416931152
0.10400009155273438
0.1099998950958252
0.1099998950958252
0.10399985313415527
0.11099982261657715
0.1100001335144043
0.10000014305114746
0.1099998950958252
0.09999990463256836
0.10000014305114746
0.10000014305114746
0.1099998950958252
0.10000014305114746
0.09999990463256836
0.11999988555908203
0.10599994659423828
0.11300015449523926
0.09999990463256836
0.09999990463256836
0.10400009155273438
0.10300016403198242
0.09999990463256836
0.10000014305114746
0.1100001335144043
0.10599994659423828
0.10000014305114746
0.09999990463256836
0.1100001335144043
0.11400008201599121
0.1380000114440918
0.1099998950958252
0.09999990463256836
0.10000014305114746
0.09999990463256836
0.10299992561340332
0.1100001335144043
0.11100006103515625
0.08899998664855957
0.1100001335144043
0.09999990463256836
0.10500001907348633
0.09999990463256836
0.10800004005432129
0.08899998664855957
0.11399984359741211
0.1419999599456787
0.11100006103515625
0.0969998836517334
0.10000014305114746
0.1100001335144043
0.1100001335144043
0.11300015449523926
0.10800004005432129
0.1099998950958252
0.09999990463256836
0.09999990463256836
0.1100001335144043
0.1099998950958252
0.1099998950958252
0.09999990463256836
0.09999990463256836
0.10599994659423828
0.09999990463256836
0.09799981117248535
0.1399998664855957
0.10400009155273438
0.1099998950958252
0.10000014305114746
0.1100001335144043
0.1099998950958252
0.11099982261657715
0.14100003242492676
0.09999990463256836
0.09999990463256836
0.09999990463256836
0.10199999809265137
0.10699987411499023
0.10299992561340332
0.09999990463256836
0.10899996757507324
0.09999990463256836
0.1119999885559082
0.10800004005432129
0.10599994659423828
0.09999990463256836
0.10799980163574219
0.10900020599365234
0.10899996757507324
0.10899996757507324
0.10000014305114746
0.1100001335144043
0.10199999809265137
0.1100001335144043
0.10800004005432129
0.10199999809265137
0.09999990463256836
0.11100006103515625
0.09000015258789062
0.10199999809265137
0.09999990463256836
0.1100001335144043
0.10600018501281738
0.10599994659423828
0.09999990463256836
0.10500001907348633
0.09999990463256836
0.10600018501281738
0.1400001049041748
0.1119999885559082
0.09999990463256836
0.10500001907348633
0.09999990463256836
0.09999990463256836
0.09000015258789062
0.10100007057189941
0.10400009155273438
0.10399985313415527
0.10700011253356934
0.1100001335144043
0.10500001907348633
0.1099998950958252
0.1099998950958252
0.10699987411499023
0.10199999809265137
0.10000014305114746
0.09999990463256836
0.09999990463256836
0.10000014305114746
0.09999990463256836
0.11100006103515625
0.11899995803833008
0.09500002861022949
0.05800008773803711
0.10100007057189941
0.10100007057189941
0.10899996757507324
0.0989999771118164
0.12099981307983398
0.10600018501281738
0.1099998950958252
0.10000014305114746
0.08999991416931152
0.09399986267089844
0.1099998950958252
0.10100007057189941
0.10599994659423828
0.10100007057189941
0.10000014305114746
0.09999990463256836
0.10199999809265137
0.10599994659423828
0.10300016403198242
0.1100001335144043
0.10899996757507324
0.09999990463256836
0.10899996757507324
0.09999990463256836
0.09999990463256836
0.10599994659423828
0.10699987411499023
0.09999990463256836
0.09999990463256836
0.10699987411499023
0.1099998950958252
0.10099983215332031
0.10199999809265137
0.10099983215332031
0.10000014305114746
0.11300015449523926
0.10500001907348633
0.10400009155273438
0.10899996757507324
0.09999990463256836
0.10299992561340332
0.10099983215332031
0.10000014305114746
0.10600018501281738
0.10000014305114746
0.10700011253356934
0.10399985313415527
0.09999990463256836
0.09999990463256836
0.10800004005432129
0.10000014305114746
0.09999990463256836
0.11299991607666016
0.09999990463256836
0.10800004005432129
0.10800004005432129
0.1100001335144043
0.1119999885559082
0.10400009155273438
0.09800004959106445
0.09999990463256836
0.10500001907348633
0.09999990463256836
0.10199999809265137
0.10800004005432129
0.09999990463256836
0.10900020599365234
0.10199999809265137
0.10000014305114746
0.10000014305114746
0.10400009155273438
0.10699987411499023
0.10800004005432129
0.09999990463256836
0.1099998950958252
0.09999990463256836
0.09999990463256836
0.09999990463256836
0.1100001335144043
0.10000014305114746
0.10800004005432129
0.11400008201599121
0.10199999809265137
0.10100007057189941
0.10000014305114746
0.10899996757507324
0.1099998950958252
0.10399985313415527
0.1099998950958252
0.10299992561340332
0.10700011253356934
0.1100001335144043
0.10000014305114746
0.10000014305114746
0.10500001907348633
0.09999990463256836
0.10599994659423828
0.10300016403198242
0.09999990463256836
0.10399985313415527
0.1100001335144043
0.10800004005432129
0.11100006103515625
0.14700007438659668
0.10899996757507324
0.14299988746643066
0.10599994659423828
0.11100006103515625
0.10700011253356934
0.10500001907348633
0.14700007438659668
0.11299991607666016
0.1099998950958252
0.10199999809265137
0.10000014305114746
0.09999990463256836
0.10599994659423828
0.1099998950958252
0.10000014305114746
0.10500001907348633
0.08999991416931152
0.1099998950958252
0.10000014305114746
0.09900021553039551
0.09999990463256836
0.10299992561340332
0.10599994659423828
0.10000014305114746
0.10000014305114746
0.1099998950958252
0.09999990463256836
0.10000014305114746
0.09999990463256836
0.10800004005432129
0.1119999885559082
0.11100006103515625
0.09999990463256836
0.09999990463256836
0.10199999809265137
0.10499978065490723
0.10399985313415527
0.10100007057189941
0.11299991607666016
0.10099983215332031
0.11300015449523926
0.1100001335144043
0.1099998950958252
0.09999990463256836
0.09999990463256836
0.10000014305114746
0.1099998950958252
0.10599994659423828
0.1100001335144043
0.09999990463256836
0.10000014305114746
0.1099998950958252
0.09999990463256836
0.1099998950958252
0.1100001335144043
0.10000014305114746
0.09999990463256836
0.09999990463256836
0.09999990463256836
0.10100007057189941
0.1119999885559082
0.09999990463256836
0.1099998950958252
0.10700011253356934
0.1099998950958252
0.09999990463256836
0.1100001335144043
0.10000014305114746
0.10000014305114746
0.10800004005432129
0.10800004005432129
0.09999990463256836
0.11500000953674316
0.1099998950958252
0.1099998950958252
0.13100004196166992
0.11100006103515625
0.0970001220703125
0.14299988746643066
0.15600013732910156
0.1119999885559082
0.11800003051757812
0.10000014305114746
0.10000014305114746
0.10000014305114746
0.1099998950958252
0.10600018501281738
0.10800004005432129
0.09599995613098145
0.10300016403198242
0.09999990463256836
0.10500001907348633
0.0989999771118164
0.1099998950958252
0.10000014305114746
0.1119999885559082
0.10000014305114746
0.1100001335144043
0.09999990463256836
0.09999990463256836
0.10599994659423828
0.09999990463256836
0.10500001907348633
0.09999990463256836
0.09999990463256836
0.11100006103515625
0.09999990463256836
0.10700011253356934
0.1100001335144043
0.1119999885559082
0.09000015258789062
0.09999990463256836
0.1099998950958252
0.11600017547607422
0.09999990463256836
0.10900020599365234
0.10100007057189941
0.09999990463256836
0.11099982261657715
0.1099998950958252
0.10000014305114746
0.10600018501281738
0.1099998950958252
0.1099998950958252
0.09999990463256836
0.10000014305114746
0.10799980163574219
0.09999990463256836
0.09999990463256836
0.10000014305114746
0.09499979019165039
0.10000014305114746
0.1099998950958252
0.09999990463256836
0.10500001907348633
0.1099998950958252
0.09999990463256836
0.09999990463256836
0.09999990463256836
0.10500001907348633
0.09999990463256836
0.10800004005432129
0.10000014305114746
0.10599994659423828
0.10899996757507324
0.10000014305114746
0.1099998950958252
0.10899996757507324
0.11100006103515625
0.10599994659423828
0.10700011253356934
0.11400008201599121
0.10599994659423828
0.09999990463256836
0.10800004005432129
0.10500001907348633
0.11100006103515625
0.09999990463256836
0.09999990463256836
0.14699983596801758
0.10000014305114746
0.09800004959106445
0.10000014305114746
0.09999990463256836
0.10000014305114746
0.1099998950958252
0.10100007057189941
0.10899996757507324
0.11099982261657715
0.11099982261657715
0.09999990463256836
0.10599994659423828
0.09999990463256836
0.09999990463256836
0.10500001907348633
0.10700011253356934
0.09999990463256836
0.09999990463256836
0.10699987411499023
0.1400001049041748
0.10900020599365234
0.10700011253356934
0.1099998950958252
0.09999990463256836
0.1099998950958252
0.09999990463256836
0.10000014305114746
0.09000015258789062
0.10800004005432129
0.10000014305114746
0.09999990463256836
0.10000014305114746
0.10500001907348633
0.10800004005432129
0.10699987411499023
0.09999990463256836
0.14299988746643066
0.10800004005432129
0.10899996757507324
0.10000014305114746
0.10599994659423828
0.10399985313415527
0.10899996757507324
0.10800004005432129
0.09999990463256836
0.1119999885559082
0.1100001335144043
0.1100001335144043
0.1099998950958252
0.10800004005432129
0.10000014305114746
0.1100001335144043
0.10800004005432129
0.1099998950958252
0.10299992561340332
0.10000014305114746
0.10700011253356934
0.1099998950958252
0.1100001335144043
0.10800004005432129
0.10000014305114746
0.10000014305114746
0.1400001049041748
0.10400009155273438
0.11099982261657715
0.1100001335144043
0.10899996757507324
0.10699987411499023
0.10000014305114746
0.09999990463256836
0.10599994659423828
0.1099998950958252
0.09999990463256836
0.1099998950958252
0.09999990463256836
0.09999990463256836
0.10599994659423828
0.10000014305114746
0.10699987411499023
0.09999990463256836
0.10000014305114746
0.09999990463256836
0.09999990463256836
0.09999990463256836
0.10799980163574219
0.10500001907348633
0.1119999885559082
0.09999990463256836
0.09999990463256836
0.15000009536743164
0.09999990463256836
0.10700011253356934
0.10899996757507324
0.09999990463256836
0.10399985313415527
0.10400009155273438
0.09999990463256836
0.1100001335144043
0.1119999885559082
0.10699987411499023
0.09999990463256836
0.10400009155273438
0.10199999809265137
0.10600018501281738
0.09999990463256836
0.1119999885559082
0.1099998950958252
0.09999990463256836
0.14800000190734863
0.1100001335144043
0.10000014305114746
0.10599994659423828
0.10399985313415527
0.10700011253356934
0.10699987411499023
0.10000014305114746
0.10800004005432129
0.10000014305114746
0.09999990463256836
0.1099998950958252
0.09999990463256836
0.09999990463256836
0.09999990463256836
0.10000014305114746
0.09599995613098145
0.10399985313415527
0.1100001335144043
0.1099998950958252
0.10299992561340332
0.10800004005432129
0.10599994659423828
0.09999990463256836
0.09999990463256836
0.10100007057189941
0.10000014305114746
0.10399985313415527
0.10599994659423828
0.10399985313415527
0.10499978065490723
0.1100001335144043
0.11100006103515625
0.09999990463256836
0.1100001335144043
0.1099998950958252
0.09999990463256836
0.10299992561340332
0.10599994659423828
0.1399998664855957
0.1099998950958252
0.10500001907348633
0.1099998950958252
0.10699987411499023
0.09999990463256836
0.10800004005432129
0.10000014305114746
0.10800004005432129
0.11299991607666016
0.10000014305114746
0.09800004959106445
0.10000014305114746
0.10400009155273438
0.10000014305114746
0.10000014305114746
0.10500001907348633
0.1099998950958252
0.09999990463256836
0.09999990463256836
0.1099998950958252
0.10000014305114746
0.10899996757507324
0.1100001335144043
0.1099998950958252
0.10699987411499023
0.10400009155273438
0.10000014305114746
0.1119999885559082
0.10699987411499023
0.09999990463256836
0.10399985313415527
0.09999990463256836
0.10000014305114746
0.09999990463256836
0.09999990463256836
0.1099998950958252
0.11100006103515625
0.1399998664855957
0.10000014305114746
0.10000014305114746
0.1399998664855957
0.1419999599456787
0.10800004005432129
0.11100006103515625
0.10000014305114746
0.11500000953674316
0.1099998950958252
0.11299991607666016
0.09999990463256836
0.1400001049041748
0.10399985313415527
0.10000014305114746
0.09999990463256836
0.11099982261657715
0.10599994659423828
0.09999990463256836
0.1099998950958252
0.11299991607666016
0.11100006103515625
0.09999990463256836
0.09999990463256836
0.09999990463256836
0.10700011253356934
0.09999990463256836
0.11400008201599121
0.09999990463256836
0.08999991416931152
0.09999990463256836
0.09999990463256836
0.10899996757507324
0.1099998950958252
0.09999990463256836
0.10699987411499023
0.1100001335144043
0.10800004005432129
0.1100001335144043
0.11299991607666016
0.10899996757507324
0.09999990463256836
0.10500001907348633
0.1119999885559082
0.10499978065490723
0.10000014305114746
0.09999990463256836
0.10899996757507324
0.09999990463256836
0.11099982261657715
0.1100001335144043
0.10500001907348633
0.10700011253356934
0.10000014305114746
0.10000014305114746
0.10000014305114746
0.09999990463256836
0.10000014305114746
0.10199999809265137
0.1100001335144043
0.10299992561340332
0.10800004005432129
0.10600018501281738
0.10599994659423828
0.09999990463256836
0.09999990463256836
0.09999990463256836
0.10000014305114746
0.10899996757507324
0.08999991416931152
0.1099998950958252
0.10800004005432129
0.09999990463256836
0.09999990463256836
0.09999990463256836
0.10299992561340332
0.1119999885559082
0.10000014305114746
0.10099983215332031
0.10699987411499023
0.10800004005432129
0.09999990463256836
0.10700011253356934
0.14899992942810059
0.09999990463256836
0.09999990463256836
0.10700011253356934
0.10700011253356934
0.10000014305114746
0.10000014305114746
0.10399985313415527
0.1100001335144043
0.10299992561340332
0.1100001335144043
0.11100006103515625
0.1099998950958252
0.10000014305114746
0.10599994659423828
0.1100001335144043
0.1399998664855957
0.10599994659423828
0.09999990463256836
0.1100001335144043
0.1120002269744873
0.10500001907348633
0.09999990463256836
0.11300015449523926
0.10000014305114746
0.10199999809265137
0.1119999885559082
0.10000014305114746
0.1100001335144043
0.1100001335144043
0.0989999771118164
0.10800004005432129
0.1400001049041748
0.09999990463256836
0.1099998950958252
0.10100007057189941
0.10899996757507324
0.10899996757507324
0.1120002269744873
0.1100001335144043
0.10300016403198242
0.1100001335144043
0.10000014305114746
0.1399998664855957
0.10899996757507324
0.09100008010864258
0.10000014305114746
0.10300016403198242
0.10000014305114746
0.10399985313415527
0.10000014305114746
0.10000014305114746
0.10000014305114746
0.10500001907348633
0.1120002269744873
0.1099998950958252
0.10499978065490723
0.1119999885559082
0.10700011253356934
0.10299992561340332
0.10000014305114746
0.1100001335144043
0.09999990463256836
0.11099982261657715
0.09999990463256836
0.10500001907348633
0.10000014305114746
0.10800004005432129
0.14599990844726562
0.09999990463256836
0.0989999771118164
0.14100003242492676
0.10800004005432129
0.09999990463256836
0.10000014305114746
0.10000014305114746
0.11299991607666016
0.09999990463256836
0.1099998950958252
0.10000014305114746
0.1100001335144043
0.09999990463256836
0.1119999885559082
0.10299992561340332
0.10000014305114746
0.10500001907348633
0.10000014305114746
0.10300016403198242
0.1099998950958252
0.09999990463256836
0.10199999809265137
0.10099983215332031
0.10000014305114746
0.10799980163574219
0.43000006675720215
0.433000087738037
